0	0.6768	16.8353	11.5126	11.2006	10.8881	10.1665	27.3223	-29.0932	-35.6015	-17.9293	11.1402	9.5545	22.9006	20.5488	2.3365	-13.1406	8.1654	9.2729	17.6242	10.0931	23.7919	25.4947	27.4389	-6.381	16.5925	-12.1652	16.2921	24.7096	27.9925	16.0802
1	3.1939	13.4846	8.6674	10.1685	9.7441	9.2482	24.666	-29.3288	-30.3276	-13.215	13.9817	13.2505	20.4523	16.1556	3.5425	-16.3305	6.5789	10.8204	21.3383	11.7011	23.6569	23.4921	24.553	-3.6066	14.3971	-11.4654	14.3116	21.1484	25.8142	17.9483
2	2.3684	16.4038	11.7484	12.0699	11.9925	10.5722	26.6257	-28.7999	-35.8161	-18.0642	13.1238	10.3637	22.0366	19.1755	4.3349	-12.6367	10.2356	11.1546	18.7173	11.0087	24.1172	24.3966	26.7831	-4.86	16.9851	-11.9652	15.3244	23.1442	26.9244	16.8982
3	-1.5735	15.7855	7.18	9.0032	8.5419	8.2257	25.8352	-24.9219	-31.9884	-14.385	8.6072	11.4635	21.1501	15.8183	4.3612	-16.3652	5.1858	9.9331	18.4443	10.1509	23.4047	25.4114	25.2594	-4.2013	16.7061	-10.6851	13.5349	21.5647	26.9474	16.5454
4	2.019	15.0716	10.3667	10.0822	9.8761	9.0003	28.0831	-26.578	-33.9353	-13.6182	13.7424	14.5022	19.8347	17.9807	5.8387	-12.7046	8.9892	10.6932	16.8843	10.9122	23.7932	24.2581	26.1898	-3.7047	15.4354	-14.1326	12.9091	23.2864	27.7994	15.6902
5	0.578	15.8749	11.1003	10.6262	10.588	9.6809	26.2231	-28.9133	-34.5092	-16.5982	11.0536	10.4363	25.2199	19.2444	1.8861	-17.4656	10.7856	14.6314	20.8274	10.0087	21.8947	23.3527	25.9426	-1.2559	13.9449	-11.1203	15.914	22.2767	25.6667	15.1997
6	0.6966	14.8943	12.3978	9.7593	9.2307	8.4271	24.9471	-26.8269	-32.6808	-15.8408	11.5177	11.4145	21.2812	20.3898	3.3449	-15.3564	7.7604	12.0679	21.3353	9.6725	23.9957	24.9166	26.3139	-7.6155	16.3738	-10.9469	15.1234	22.6515	26.7259	18.7064
7	1.3284	12.7169	8.5506	10.4232	10.3728	8.0412	24.3778	-33.0495	-31.8444	-14.309	16.231	14.6988	19.8844	16.0605	4.1607	-10.8877	9.8696	13.6182	19.8189	12.2489	22.9045	21.5192	24.3267	-1.2946	15.2305	-14.8041	12.5255	20.2951	24.4653	18.0809
8	1.5001	13.2081	12.442	8.9632	9.2712	10.6837	26.4491	-32.0924	-31.4224	-14.907	10.7633	11.7311	28.2309	19.5475	2.7693	-12.9132	12.2031	15.0452	21.1972	9.5496	19.7425	21.5717	28.3107	-0.2512	9.1269	-12.2367	16.9101	23.1065	24.9192	14.2549
9	0.116	20.2151	9.9353	6.0113	5.1656	6.5095	30.1835	-21.5171	-33.6186	-15.6555	15.3203	14.7851	24.4182	17.9915	3.5296	-18.7546	2.0119	6.666	20.0409	9.0525	26.2218	28.7242	28.3507	-11.1246	20.2229	-8.2291	16.9161	26.9626	30.599	17.275
10	5.6334	15.6207	11.2278	10.6207	8.2155	5.1624	27.5487	-26.2161	-32.919	-12.0795	17.2275	15.1377	22.7425	18.5521	7.5985	-29.0613	4.8848	6.9556	16.0034	14.5001	26.009	25.3509	25.3733	-9.9177	15.7346	-9.7916	14.5629	21.2775	28.0207	20.6244
11	1.8587	16.3993	10.9995	12.6466	12.6866	11.7583	26.7794	-28.377	-38.3034	-18.3158	16.3794	11.6484	21.2528	18.5169	4.1009	-12.5562	8.8895	9.0291	17.5558	11.8114	25.3638	24.6033	27.458	-4.5738	18.4257	-12.373	15.5975	24.4772	27.9641	18.8736
12	0.6322	12.4763	11.3815	10.1749	8.5151	2.9715	26.1104	-28.5633	-34.2763	-16.2964	8.1499	11.24	19.3948	18.9518	5.0258	-23.0389	8.9093	12.775	18.782	10.168	22.4915	23.5457	23.4059	-3.6045	12.2116	-13.0581	14.5787	20.1163	26.5799	15.9771
13	4.6793	16.2596	13.5538	9.0788	6.6043	6.9366	26.3916	-26.3703	-32.6894	-13.1237	13.8237	12.6923	25.3774	20.95	6.2342	-28.2092	6.5331	10.5748	21.655	11.7357	22.538	24.15	26.8658	-7.575	13.2575	-6.3622	18.4391	23.0614	26.7597	17.5377
14	3.05	12.6997	12.3482	8.2158	6.1924	6.1063	23.5451	-25.1825	-29.4162	-11.3256	14.5654	15.3362	21.0189	18.4043	6.583	-23.1284	8.2098	12.6727	20.4666	11.5266	19.7262	20.1846	22.6685	-3.6887	10.6605	-10.1569	15.7587	19.6224	24.0751	16.5141
15	1.1371	13.4498	10.2584	10.4954	9.34	4.5101	24.428	-27.2189	-32.4053	-16.5081	11.7876	11.1077	19.4276	16.2188	6.7661	-26.3893	7.8004	10.1657	17.6078	11.4751	24.1554	24.4284	23.9004	-6.7309	16.6939	-10.7455	14.5287	20.169	26.2809	18.8381
16	2.0376	12.5001	15.1503	10.4779	9.8964	7.2962	25.3941	-28.2479	-30.3061	-13.8251	13.3365	13.9658	23.7219	21.3509	4.6794	-11.932	9.8271	12.4093	20.9813	10.2474	21.9455	21.4003	24.3236	-6.2698	15.0045	-14.9499	11.8589	22.7562	25.4348	14.978
17	-0.1547	14.0864	5.1651	10.8839	10.3306	5.3096	26.3132	-30.0065	-32.3528	-17.4701	16.971	14.0844	20.5842	12.7193	4.3872	-9.2365	9.4835	10.7532	17.6442	10.0479	24.1182	22.0222	23.0556	0.0783	16.2819	-16.5832	10.4612	22.2836	26.2986	15.264
18	6.2987	15.9466	11.5544	10.1401	8.4369	9.5415	25.1095	-28.4669	-31.0205	-9.5487	17.0628	15.1175	22.9229	18.7764	4.1424	-17.1175	3.4911	9.1493	21.4941	14.5654	24.4053	24.2802	25.4038	-8.5241	14.6041	-9.5279	15.7123	22.1914	26.9117	20.7439
19	3.0518	14.182	9.6938	9.1907	7.5684	4.3534	25.0103	-22.5773	-31.8166	-11.2571	16.8811	17.7722	19.5107	16.9256	7.4958	-24.9493	4.7323	6.6978	17.1797	11.5169	25.4274	24.2404	23.0005	-9.804	17.3856	-12.4812	11.7953	18.8248	27.3793	20.2293
