0 -4.9004 16.831 -5.5734 -16.462 -6.5212 14.205 18.546 -8.6092 18.223 -9.3814 17.561 -9.413 17.795 -7.1317 -9.6455 15.2 -0.81242 2.5917 1.3571 2.4221 0.93504 -6.4977 -4.5832 -12.609 -8.4161 8.3524 -5.5629 -11.934 -0.43574 14.621 3.8978 1.031 4.5114
1 -4.6282 16.807 -2.5325 -13.126 -5.1978 13.447 17.683 -8.6991 18.233 -9.4835 18.181 -9.311 17.839 -7.2417 -9.7008 15.397 -1.5171 2.7114 1.6922 3.1977 -0.81789 -6.8782 -10.384 -16.932 -2.2119 -0.017207 -5.3351 -11.346 1.4058 14.475 5.7351 3.8135 4.6088
2 -4.6424 16.57 -3.1264 -13.969 -6.1875 12.616 18.917 -8.7622 18.058 -9.4367 17.918 -9.3644 17.595 -7.2795 -9.7137 15.503 -0.99713 2.4718 0.68679 1.4743 0.53212 -6.5733 -3.2469 -11.892 -1.081 -0.86883 -5.2658 -11.995 0.4161 14.449 4.7504 -1.1567 4.9546
3 -6.0389 16.927 -3.0907 -12.444 -5.5527 13.32 18.067 -8.4359 18.471 -9.6132 18.016 -9.5297 17.81 -7.1786 -9.7268 15.305 -1.5524 2.4105 1.2206 2.0874 -0.29108 -7.0419 -8.6619 -15.053 -1.7081 -1.2298 -5.0769 -11.488 2.6587 14.944 5.6967 3.3776 4.201
4 -6.4989 17.032 -2.6979 -11.046 -5.1147 13.017 18.516 -8.3443 18.286 -9.4575 17.473 -9.2692 17.774 -7.2163 -9.6953 15.811 -1.2764 2.7016 0.50297 0.81961 -0.17437 -6.5888 -6.5556 -13.422 -5.8613 5.8341 -4.8469 -12.924 1.8967 14.873 5.8916 1.8182 4.2155
5 -5.1699 16.159 -2.5437 -17.615 -5.8573 12.205 18.156 -8.6588 18.397 -9.4252 18.392 -9.5807 17.925 -7.2293 -9.7043 15.176 -1.9846 2.4319 1.2459 4.0261 -0.24907 -7.4671 -9.9287 -15.132 1.0166 -7.1485 -5.6807 -10.709 -2.2819 14.739 5.5786 3.3809 3.7685
6 -5.6302 16.929 -5.8438 -17.721 -6.445 13.092 18.946 -8.7815 18.362 -9.4291 17.996 -9.3224 17.798 -7.2048 -9.6596 15.062 -1.4321 2.5321 1.5475 3.041 0.4054 -6.735 -7.0213 -12.762 -10.642 9.2123 -5.5909 -10.356 -0.95871 14.633 5.0067 1.8431 4.3783
7 -5.0201 16.754 -3.9617 -12.535 -6.2499 12.874 18.22 -8.309 18.525 -9.6702 18.199 -9.1563 17.893 -7.1093 -9.6858 15.409 -0.81738 2.7556 0.70505 1.1156 0.16585 -6.412 -5.6703 -13.093 -0.16207 -1.907 -5.8721 -8.9276 0.60167 14.648 5.7153 3.2349 4.6357
8 -7.0697 16.091 -4.3931 -19.176 -6.1537 12.435 17.517 -7.2781 18.133 -9.3238 17.426 -9.3751 17.561 -7.5525 -9.7133 15.292 -0.14648 0.069166 1.9722 4.281 0.51334 -6.6026 -10.054 -12.998 -3.1525 4.3673 -5.4404 -11.888 -1.1884 14.569 5.2574 1.4238 4.5603
9 -5.7144 15.947 -3.4754 -17.671 -5.945 12.273 18.393 -8.0015 18.036 -9.3279 17.904 -9.2952 17.893 -7.2276 -9.6702 15.501 -1.1543 2.7233 2.0483 2.5558 0.87427 -6.3293 -10.683 -14.359 -6.2425 8.878 -4.6126 -13.48 -2.3609 14.882 5.5613 0.73183 4.2117
10 -4.4362 16.73 -5.4332 -16.519 -6.0635 13.176 18.603 -8.5792 18.313 -9.54 17.51 -9.3726 16.962 -6.6126 -9.6051 14.457 -1.0703 1.9656 1.7248 3.6109 0.39534 -8.325 -5.4596 -12.896 -6.7401 5.9676 -5.9487 -10.004 -0.18872 14.536 3.0399 4.0974 -17.548
11 -5.7794 17.148 -2.8311 -6.5324 -6.9337 14.061 17.561 -8.3017 18.6 -9.5901 17.345 -8.9607 18.01 -7.1086 -9.679 15.517 -0.58572 2.8127 0.62249 0.029375 -0.28674 -6.5991 -6.6132 -13.107 -3.9048 3.0276 -5.1899 -12.048 5.6663 15.126 5.8456 0.92847 5.0117
12 -6.9024 16.68 -7.3867 -19.328 -6.9195 13.279 18.948 -8.7023 18.338 -9.5125 17.799 -9.4405 17.456 -6.783 -9.5543 14.356 -2.6419 2.324 1.4061 3.5758 0.29696 -8.3493 -8.768 -12.674 -10.467 8.9872 -5.3861 -8.5767 -1.1266 14.721 2.6955 3.6408 -16.779
13 -6.1389 16.591 -6.3951 -18.57 -6.3129 11.949 17.883 -7.8559 18.554 -9.6321 17.861 -9.4707 17.379 -6.8331 -9.5209 14.536 -1.154 1.8918 1.5207 4.4821 -0.2796 -8.0815 -10.122 -13.518 -0.65029 -0.96265 -5.8809 -6.6876 -0.75942 14.56 3.2228 5.2626 -17.425
14 -3.3115 16.446 -4.7198 -16.941 -7.5428 14.352 18.182 -8.8902 18.1 -9.491 18.086 -9.5634 17.411 -6.7331 -9.547 14.769 -1.95 2.4952 1.3681 3.4705 0.26102 -8.1925 -8.0392 -14.205 -6.621 5.3093 -6.1911 -10.328 0.51204 14.68 4.9873 7.7915 -18.736
15 -7.1228 16.395 -0.79182 -12.809 -4.8979 12.406 18.942 -8.605 17.833 -9.2688 18.037 -9.125 17.793 -6.9649 -9.5411 14.163 -1.5236 2.6998 1.4675 2.7757 -0.3877 -8.2554 -8.8177 -13.706 -5.8529 5.7499 -4.7922 -13.308 1.6255 14.623 5.093 6.1387 -16.398
16 -4.4796 15.612 -4.7533 -12.252 -6.0457 13.581 18.227 -8.788 17.516 -9.1925 17.06 -8.7257 17.511 -7.5924 -9.7497 15.702 -0.83053 2.3846 2.1016 3.9876 0.19372 -6.5636 -7.2015 -14.28 -9.2825 10.133 -5.3647 -12.3 3.8031 -3.0607 5.5794 2.7099 5.3234
17 -2.7444 16.474 -0.70411 -12.648 -7.0913 14.401 17.056 -8.8528 17.892 -9.337 17.971 -9.4231 17.406 -7.0767 -9.7432 15.979 -1.2323 2.9071 0.50191 0.69663 0.084407 -6.1779 -6.7594 -14.639 3.0992 -10.584 -4.3069 -14.284 1.1241 14.677 6.0095 -0.24699 5.2224
18 -1.8256 16.79 -5.007 -18.529 -5.885 14.185 18.659 -9.2444 18.406 -9.5186 17.712 -9.5102 17.728 -7.2434 -9.6032 15.267 -1.1459 2.6174 2.1597 4.4926 0.41749 -6.3957 -5.711 -14.919 -7.0527 5.5815 -5.5359 -10.589 -2.0531 14.805 5.9074 2.762 4.5591
19 -3.6927 17.0 -8.2995 -19.09 -6.1584 13.404 18.732 -9.0688 18.581 -9.6285 18.392 -9.4144 17.29 -6.3929 -9.5408 14.389 -0.11333 2.8246 1.7734 3.4319 0.83518 -8.125 -6.0437 -14.615 -9.256 7.1193 -5.8346 -7.8587 -3.6151 14.996 3.5153 4.612 -17.909
