0	16.8353	11.5126	11.2006	10.8881	9.5545	22.9006	20.5488	2.3365	-13.1406	27.4389	-6.381	16.5925	-12.1652	16.2921
1	13.4846	8.6674	10.1685	9.7441	13.2505	20.4523	16.1556	3.5425	-16.3305	24.553	-3.6066	14.3971	-11.4654	14.3116
2	16.4038	11.7484	12.0699	11.9925	10.3637	22.0366	19.1755	4.3349	-12.6367	26.7831	-4.86	16.9851	-11.9652	15.3244
3	15.7855	7.18	9.0032	8.5419	11.4635	21.1501	15.8183	4.3612	-16.3652	25.2594	-4.2013	16.7061	-10.6851	13.5349
4	15.0716	10.3667	10.0822	9.8761	14.5022	19.8347	17.9807	5.8387	-12.7046	26.1898	-3.7047	15.4354	-14.1326	12.9091
5	15.8749	11.1003	10.6262	10.588	10.4363	25.2199	19.2444	1.8861	-17.4656	25.9426	-1.2559	13.9449	-11.1203	15.914
6	14.8943	12.3978	9.7593	9.2307	11.4145	21.2812	20.3898	3.3449	-15.3564	26.3139	-7.6155	16.3738	-10.9469	15.1234
7	12.7169	8.5506	10.4232	10.3728	14.6988	19.8844	16.0605	4.1607	-10.8877	24.3267	-1.2946	15.2305	-14.8041	12.5255
8	13.2081	12.442	8.9632	9.2712	11.7311	28.2309	19.5475	2.7693	-12.9132	28.3107	-0.2512	9.1269	-12.2367	16.9101
9	20.2151	9.9353	6.0113	5.1656	14.7851	24.4182	17.9915	3.5296	-18.7546	28.3507	-11.1246	20.2229	-8.2291	16.9161
10	15.6207	11.2278	10.6207	8.2155	15.1377	22.7425	18.5521	7.5985	-29.0613	25.3733	-9.9177	15.7346	-9.7916	14.5629
11	16.3993	10.9995	12.6466	12.6866	11.6484	21.2528	18.5169	4.1009	-12.5562	27.458	-4.5738	18.4257	-12.373	15.5975
12	12.4763	11.3815	10.1749	8.5151	11.24	19.3948	18.9518	5.0258	-23.0389	23.4059	-3.6045	12.2116	-13.0581	14.5787
13	16.2596	13.5538	9.0788	6.6043	12.6923	25.3774	20.95	6.2342	-28.2092	26.8658	-7.575	13.2575	-6.3622	18.4391
14	12.6997	12.3482	8.2158	6.1924	15.3362	21.0189	18.4043	6.583	-23.1284	22.6685	-3.6887	10.6605	-10.1569	15.7587
15	13.4498	10.2584	10.4954	9.34	11.1077	19.4276	16.2188	6.7661	-26.3893	23.9004	-6.7309	16.6939	-10.7455	14.5287
16	12.5001	15.1503	10.4779	9.8964	13.9658	23.7219	21.3509	4.6794	-11.932	24.3236	-6.2698	15.0045	-14.9499	11.8589
17	14.0864	5.1651	10.8839	10.3306	14.0844	20.5842	12.7193	4.3872	-9.2365	23.0556	0.0783	16.2819	-16.5832	10.4612
18	15.9466	11.5544	10.1401	8.4369	15.1175	22.9229	18.7764	4.1424	-17.1175	25.4038	-8.5241	14.6041	-9.5279	15.7123
19	14.182	9.6938	9.1907	7.5684	17.7722	19.5107	16.9256	7.4958	-24.9493	23.0005	-9.804	17.3856	-12.4812	11.7953
