0	-0.396	-7.1633	10.7139	8.0345	7.7407	3.0533	13.5774	-34.4126	-16.6447	-5.0551	10.4239	22.4056	17.211	18.9822	-8.702	-26.7169	12.1483	19.2943	26.8826	10.9606	17.128	11.7666	13.7069	2.2113	8.1209	-2.9014	15.7322	9.0254	14.8743	16.8376
1	0.2611	-3.1612	14.9147	7.9934	7.4397	2.8917	15.4497	-34.8905	-20.2117	-3.1437	10.2951	23.453	18.9335	24.2049	-8.1704	-29.3858	12.1144	20.6752	27.2052	9.5341	16.1084	12.2234	13.7623	-0.2488	8.4787	7.89	16.4392	8.7882	14.676	16.9627
2	-0.9108	2.8406	15.9421	11.2476	11.8813	6.9966	22.8726	-30.8123	-32.8805	-14.1722	11.0111	18.0534	19.7777	21.3203	-6.3846	-27.2415	8.2414	11.2215	19.8204	9.2244	23.9799	22.2658	20.7453	-13.3707	17.3434	-13.1107	19.2642	18.8157	24.0971	17.2093
3	-0.9296	-5.8174	9.9732	8.6688	8.63	3.1689	16.3405	-35.5926	-21.2118	-6.5511	11.2981	20.8605	14.9115	18.6859	-8.9551	-28.905	11.5173	18.5977	25.998	10.5722	18.5394	14.7607	14.904	1.7693	10.0913	-2.4192	16.4808	9.8906	17.2247	16.8994
4	-1.4657	3.3033	10.0126	7.1703	6.8467	2.1559	19.3612	-33.4845	-23.1136	-5.9903	10.6659	20.8967	24.1306	19.2343	-7.8479	-27.5606	10.25	17.5772	25.5276	7.7048	18.3916	16.4216	16.8077	1.756	10.4263	8.1633	16.1735	12.3965	18.3523	15.0016
5	-1.9232	-0.8444	10.2697	9.3234	9.9251	4.5673	19.2572	-27.9047	-25.7337	-10.1151	9.6608	17.102	17.8053	16.0691	-7.8988	-24.6187	6.0847	11.0945	19.0127	8.1032	22.4201	19.8253	15.2571	-7.3817	15.459	-10.9432	15.4313	14.7141	21.2298	15.5306
6	-0.0715	4.4962	16.1699	10.8727	10.9542	7.4334	22.8915	-31.3742	-28.8064	-11.2626	7.4117	18.55	20.3789	21.0251	-4.9043	-26.4186	7.803	11.1682	18.8609	9.3473	21.9013	22.1191	21.0911	-11.0769	15.0899	-13.2594	19.6847	18.9209	24.5218	14.7628
7	-0.8842	-1.0359	10.6941	10.4304	10.3443	3.2096	18.8234	-36.2575	-26.9553	-9.5464	13.5233	20.0745	20.6473	19.9259	-7.7314	-28.9287	12.3265	18.3218	25.7457	9.6301	19.5023	14.4019	16.6174	1.9116	10.4325	2.8342	16.2532	12.2873	19.7559	17.2149
8	-1.0636	-4.2659	16.3695	10.1701	10.2721	0.8697	13.0943	-36.7054	-21.8446	-6.6496	9.42	20.5407	17.8662	23.8646	-8.7293	-28.2839	13.5955	19.7256	25.6894	9.599	17.9838	12.5759	11.7181	-3.3266	12.2131	13.5094	12.8413	5.838	13.5387	17.9005
9	1.7881	-5.2713	13.4119	6.9574	6.0256	1.6928	13.5337	-33.5148	-13.926	1.1565	13.4128	24.4311	16.8711	21.7607	-9.1714	-30.1518	10.6546	19.8164	27.301	10.7788	13.9182	10.6957	11.5114	1.1707	6.3681	4.3073	14.1276	7.0866	14.8963	15.9034
10	-1.3981	-1.5531	15.2111	7.9976	8.1793	0.1144	13.459	-36.5467	-18.5171	-4.3442	12.4654	24.7582	17.7801	22.9835	-9.8982	-31.2616	11.0311	19.2566	28.394	11.4835	18.7825	13.2301	11.9589	-1.8869	11.0636	10.8012	12.8722	6.4234	15.01	18.0222
11	4.0248	-6.6638	13.2785	10.8085	10.4943	4.2378	9.9557	-37.6436	-13.388	-0.4768	13.4634	22.2444	20.2537	21.9794	-11.1189	-29.0784	14.7497	21.4279	27.5856	13.7943	12.4534	6.9324	13.1698	2.8854	4.933	-3.4828	15.1382	5.9853	11.5086	17.3641
12	-1.2417	-2.5186	15.4986	10.7804	10.1978	6.1022	13.3782	-35.6944	-19.7742	-8.007	10.0037	18.2961	20.7366	22.6297	-9.9952	-24.1077	13.377	19.8488	25.7261	9.3701	16.6124	11.6358	13.7083	-1.2048	10.8642	3.5168	16.8251	8.6367	13.6607	15.9077
13	-0.8476	-2.2539	11.7631	8.6988	8.9437	3.6734	16.0881	-33.3736	-21.9231	-6.106	9.4204	20.9434	15.0107	20.3619	-9.4253	-25.8816	10.5021	17.1933	24.5022	9.1816	18.572	15.4509	13.7397	-0.8314	10.4303	6.5506	13.9439	9.19	15.8568	16.8162
14	-0.4237	-2.7323	10.843	7.84	8.6688	0.5724	16.276	-36.0111	-19.1411	-2.2961	15.1431	22.4849	15.8593	20.7269	-12.1046	-24.7805	11.5077	18.2207	25.5079	9.2925	18.8544	12.5113	11.1574	0.1278	11.7776	7.0465	11.8747	6.9549	14.996	16.6938
15	0.9943	0.3491	11.2834	7.3686	9.1124	2.4696	14.3933	-29.9577	-21.8491	-3.6301	11.0389	20.5544	17.581	17.1868	-9.4777	-30.5157	3.7887	11.8641	22.3164	10.2676	20.9106	16.9909	11.3261	-7.5799	12.3373	7.3528	12.4208	8.4454	18.7174	19.5979
16	-2.4904	-7.8393	12.2344	7.4935	8.0766	-0.8772	17.9288	-36.2548	-21.2355	-5.2728	11.5784	24.8334	15.8643	21.8274	-13.9225	-28.7368	12.2703	19.6439	27.8461	7.7077	20.1105	14.8923	12.4478	0.594	12.0191	5.2056	13.2264	8.1646	17.8404	16.8848
17	0.0953	-6.0567	7.7091	5.4206	6.3118	-0.9587	16.4073	-35.7249	-15.8285	-2.328	14.7802	28.1146	13.8101	18.7065	-12.5299	-27.6303	9.2077	17.958	29.6077	11.7038	19.7794	12.1707	9.1351	1.8372	8.8724	4.4659	12.3109	9.6619	17.9435	18.3471
18	-0.3656	5.6243	14.0743	12.51	12.5836	7.2265	24.8432	-33.0526	-32.8397	-13.4893	6.5935	20.7368	17.6004	21.1166	-5.4654	-18.9302	9.7484	11.1827	16.0878	9.775	24.03	22.8742	19.8935	-9.8135	17.8896	-9.7916	17.1594	19.4444	24.6363	15.2083
19	3.7524	-3.5167	12.9629	6.268	6.0188	4.0558	13.5097	-32.8717	-16.6986	-0.0546	16.6583	25.0811	17.0452	20.5489	-9.1518	-27.2227	9.1253	17.5665	27.9522	12.9748	15.4197	11.4774	13.1211	-0.3884	4.9042	-2.0015	16.6743	11.0036	15.9434	18.0574
